,Name,Runs,Dismissal,Pos,Opposition,Ave,RunTally,DisTally,Date,Out,rolling10,rolling20,rolling30,rolling40,rolling50,rolling70,rolling100
0,BA Stokes,1,lbw,6,Australia,1.0,1,1,2013,1,,,,,,,
1,BA Stokes,28,caught,6,Australia,14.5,29,2,2013,1,,,,,,,
2,BA Stokes,18,caught,6,Australia,15.67,47,3,2013,1,,,,,,,
3,BA Stokes,120,caught,6,Australia,41.75,167,4,2013,1,,,,,,,
4,BA Stokes,14,caught,6,Australia,36.2,181,5,2013,1,,,,,,,
5,BA Stokes,19,caught,6,Australia,33.33,200,6,2013,1,,,,,,,
6,BA Stokes,47,bowled,7,Australia,35.29,247,7,2014,1,,,,,,,
7,BA Stokes,32,bowled,6,Australia,34.88,279,8,2014,1,,,,,,,
8,BA Stokes,0,caught,8,India,31.0,279,9,2014,1,,,,,,,
9,BA Stokes,0,bowled,9,India,27.9,279,10,2014,1,27.9,,,,,,
10,BA Stokes,0,caught,8,India,25.36,279,11,2014,1,27.8,,,,,,
11,BA Stokes,79,caught,6,West Indies,29.83,358,12,2015,1,32.9,,,,,,
12,BA Stokes,35,stumped,6,West Indies,30.23,393,13,2015,1,34.6,,,,,,
13,BA Stokes,8,caught,7,West Indies,28.64,401,14,2015,1,23.4,,,,,,
14,BA Stokes,22,caught,7,West Indies,28.2,423,15,2015,1,24.2,,,,,,
15,BA Stokes,32,caught,7,West Indies,28.44,455,16,2015,1,25.5,,,,,,
16,BA Stokes,92,bowled,6,New Zealand,32.18,547,17,2015,1,30.0,,,,,,
17,BA Stokes,101,caught,6,New Zealand,36.0,648,18,2015,1,36.9,,,,,,
18,BA Stokes,6,caught,6,New Zealand,34.42,654,19,2015,1,37.5,,,,,,
19,BA Stokes,29,caught,6,New Zealand,34.15,683,20,2015,1,40.4,34.15,,,,,
20,BA Stokes,52,bowled,6,Australia,35.0,735,21,2015,1,45.6,36.7,,,,,
21,BA Stokes,42,bowled,6,Australia,35.32,777,22,2015,1,41.9,37.4,,,,,
22,BA Stokes,87,bowled,6,Australia,37.57,864,23,2015,1,47.1,40.85,,,,,
23,BA Stokes,0,run out,6,Australia,36.0,864,24,2015,1,46.3,34.85,,,,,
24,BA Stokes,0,caught,6,Australia,34.56,864,25,2015,1,44.1,34.15,,,,,
25,BA Stokes,5,caught,7,Australia,33.42,869,26,2015,1,41.4,33.45,,,,,
26,BA Stokes,15,caught,6,Australia,32.74,884,27,2015,1,33.7,31.85,,,,,
27,BA Stokes,0,caught,6,Australia,31.57,884,28,2015,1,23.6,30.25,,,,,
28,BA Stokes,57,bowled,7,Pakistan,32.45,941,29,2015,1,28.7,33.1,,,,,
29,BA Stokes,2,caught,4,Pakistan,31.43,943,30,2015,1,26.0,33.2,31.43,,,,
30,BA Stokes,4,caught,6,Pakistan,30.55,947,31,2015,1,21.2,33.4,31.53,,,,
31,BA Stokes,13,caught,6,Pakistan,30.0,960,32,2015,1,18.3,30.1,31.03,,,,
32,BA Stokes,0,bowled,11,Pakistan,29.09,960,33,2015,1,9.6,28.35,30.43,,,,
33,BA Stokes,12,stumped,10,Pakistan,28.59,972,34,2015,1,10.8,28.55,26.83,,,,
34,BA Stokes,21,caught,6,South Africa,28.37,993,35,2015,1,12.9,28.5,27.07,,,,
35,BA Stokes,5,caught,6,South Africa,27.72,998,36,2015,1,12.9,27.15,26.6,,,,
36,BA Stokes,258,run out,6,South Africa,33.95,1256,37,2016,1,37.2,35.45,33.63,,,,
37,BA Stokes,26,caught,6,South Africa,33.74,1282,38,2016,1,39.8,31.7,33.43,,,,
38,BA Stokes,58,caught,6,South Africa,34.36,1340,39,2016,1,39.9,34.3,35.37,,,,
39,BA Stokes,33,caught,6,South Africa,34.33,1373,40,2016,1,43.0,34.5,36.47,34.33,,,
40,BA Stokes,10,caught,6,South Africa,33.73,1383,41,2016,1,43.6,32.4,36.8,34.55,,,
41,BA Stokes,12,caught,6,Sri Lanka,33.21,1395,42,2016,1,43.5,30.9,34.57,34.15,,,
42,BA Stokes,34,caught,7,Pakistan,33.23,1429,43,2016,1,46.9,28.25,34.53,34.55,,,
43,BA Stokes,18,bowled,6,Bangladesh,32.89,1447,44,2016,1,47.5,29.15,34.87,32.0,,,
44,BA Stokes,85,lbw,6,Bangladesh,34.04,1532,45,2016,1,53.9,33.4,36.97,33.78,,,
45,BA Stokes,0,caught,6,Bangladesh,33.3,1532,46,2016,1,53.4,33.15,35.9,33.3,,,
46,BA Stokes,25,bowled,6,Bangladesh,33.13,1557,47,2016,1,30.1,33.65,33.67,32.75,,,
47,BA Stokes,128,caught,6,India,35.1,1685,48,2016,1,40.3,40.05,34.57,35.15,,,
48,BA Stokes,29,not out,4,India,35.71,1714,48,2016,0,41.56,40.68,36.55,36.79,,,
49,BA Stokes,70,lbw,6,India,36.41,1784,49,2016,1,45.67,44.26,37.97,38.59,36.41,,
50,BA Stokes,6,bowled,6,India,35.8,1790,50,2016,1,45.22,44.37,36.38,38.74,36.51,,
51,BA Stokes,29,stumped,6,India,35.67,1819,51,2016,1,47.11,45.21,35.93,37.46,36.53,,
52,BA Stokes,5,lbw,5,India,35.08,1824,52,2016,1,43.89,45.47,33.1,36.69,36.27,,
53,BA Stokes,31,caught,6,India,35.0,1855,53,2016,1,45.33,46.47,34.17,37.28,34.45,,
54,BA Stokes,18,caught,6,India,34.69,1873,54,2016,1,37.89,46.32,34.79,37.18,34.53,,
55,BA Stokes,6,caught,6,India,34.16,1879,55,2016,1,38.56,46.37,34.83,36.51,34.27,,
56,BA Stokes,23,caught,6,India,33.96,1902,56,2016,1,38.33,34.0,35.1,34.74,33.78,,
57,BA Stokes,56,caught,6,South Africa,34.35,1958,57,2017,1,30.33,35.58,37.03,33.59,34.27,,
58,BA Stokes,1,lbw,6,South Africa,33.78,1959,58,2017,1,24.5,32.58,35.1,33.46,34.29,,
59,BA Stokes,0,caught,6,South Africa,33.2,1959,59,2017,1,17.5,30.84,35.03,32.72,34.29,,
60,BA Stokes,18,caught,6,South Africa,32.95,1977,60,2017,1,18.7,31.26,35.52,31.85,34.65,,
61,BA Stokes,112,caught,6,South Africa,34.25,2089,61,2017,1,27.0,36.53,38.93,33.64,35.33,,
62,BA Stokes,31,bowled,6,South Africa,34.19,2120,62,2017,1,29.6,36.37,40.0,32.21,35.24,,
63,BA Stokes,58,bowled,6,South Africa,34.57,2178,63,2017,1,32.3,38.47,41.59,33.69,36.27,,
64,BA Stokes,23,caught,6,South Africa,34.39,2201,64,2017,1,32.8,35.21,41.66,34.28,36.29,,
65,BA Stokes,10,caught,6,West Indies,34.02,2211,65,2017,1,33.2,35.74,41.83,34.41,35.84,,
66,BA Stokes,100,caught,6,West Indies,35.02,2311,66,2017,1,40.9,39.68,36.38,36.59,36.0,,
67,BA Stokes,58,caught,6,West Indies,35.36,2369,67,2017,1,41.1,36.0,37.48,38.08,35.12,,
68,BA Stokes,60,bowled,6,West Indies,35.72,2429,68,2017,1,47.0,35.75,37.55,38.15,36.22,,
69,BA Stokes,0,bowled,5,New Zealand,35.2,2429,69,2018,1,47.0,32.25,36.41,38.1,35.63,35.2,
70,BA Stokes,66,caught,5,New Zealand,35.64,2495,70,2018,1,51.8,35.25,38.34,39.69,35.92,36.14,
71,BA Stokes,25,caught,6,New Zealand,35.49,2520,71,2018,1,43.1,35.05,38.79,40.0,35.57,36.1,
72,BA Stokes,12,caught,6,New Zealand,35.17,2532,72,2018,1,41.2,35.4,38.03,40.31,34.04,36.01,
73,BA Stokes,38,lbw,6,Pakistan,35.21,2570,73,2018,1,39.2,35.75,38.72,40.97,34.82,34.83,
74,BA Stokes,9,caught,6,Pakistan,34.85,2579,74,2018,1,37.8,35.3,36.1,40.67,35.0,34.75,
75,BA Stokes,21,caught,6,India,34.67,2600,75,2018,1,38.9,36.05,36.83,41.08,35.33,34.78,
76,BA Stokes,6,caught,6,India,34.29,2606,76,2018,1,29.5,35.2,36.17,34.62,35.14,34.19,
77,BA Stokes,10,caught,6,India,33.97,2616,77,2018,1,24.7,32.9,32.1,34.21,35.35,33.87,
78,BA Stokes,62,caught,5,India,34.33,2678,78,2018,1,24.9,35.95,32.13,34.31,35.45,34.77,
79,BA Stokes,23,lbw,5,India,34.19,2701,79,2018,1,27.2,37.1,30.57,34.05,35.88,35.1,
80,BA Stokes,30,caught,6,India,34.14,2731,80,2018,1,23.6,37.7,31.37,34.56,36.41,35.54,
81,BA Stokes,11,lbw,6,India,33.85,2742,81,2018,1,22.2,32.65,30.77,34.54,36.37,34.55,
82,BA Stokes,37,caught,6,India,33.89,2779,82,2018,1,24.7,32.95,31.83,34.62,37.12,34.58,
83,BA Stokes,7,bowled,5,Sri Lanka,33.57,2786,83,2018,1,21.6,30.4,31.03,34.33,37.02,34.57,
84,BA Stokes,62,bowled,5,Sri Lanka,33.9,2848,84,2018,1,26.9,32.35,32.5,33.74,37.86,35.14,
85,BA Stokes,19,lbw,3,Sri Lanka,33.73,2867,85,2018,1,26.7,32.8,32.93,34.23,38.14,34.96,
86,BA Stokes,0,lbw,5,Sri Lanka,33.34,2867,86,2018,1,26.1,27.8,32.17,33.59,32.88,33.62,
87,BA Stokes,57,caught,5,Sri Lanka,33.61,2924,87,2018,1,30.8,27.75,32.2,31.77,33.51,32.99,
88,BA Stokes,42,caught,5,Sri Lanka,33.7,2966,88,2018,1,28.8,26.85,33.57,31.3,33.18,33.51,
89,BA Stokes,0,lbw,5,West Indies,33.33,2966,89,2019,1,26.5,26.85,33.57,29.55,32.51,33.09,
90,BA Stokes,34,lbw,5,West Indies,33.33,3000,90,2019,1,26.9,25.25,34.1,30.25,33.0,32.83,
91,BA Stokes,14,caught,6,West Indies,33.12,3014,91,2019,1,27.2,24.7,30.83,29.88,33.04,32.42,
92,BA Stokes,11,bowled,6,West Indies,32.88,3025,92,2019,1,24.6,24.65,30.17,30.02,32.57,31.32,
93,BA Stokes,79,caught,6,West Indies,33.38,3104,93,2019,1,31.8,26.7,30.87,31.22,33.82,32.46,
94,BA Stokes,48,not out,6,West Indies,33.89,3152,93,2019,0,33.78,30.16,32.79,32.79,33.75,33.65,
95,BA Stokes,50,caught,6,Australia,34.06,3202,94,2019,1,37.22,31.68,34.17,33.92,34.79,34.31,
96,BA Stokes,6,caught,6,Australia,33.77,3208,95,2019,1,37.89,31.68,30.93,33.49,34.4,34.18,
97,BA Stokes,13,lbw,6,Australia,33.55,3221,96,2019,1,33.0,31.84,29.38,32.38,32.0,34.37,
98,BA Stokes,115,not out,5,Australia,34.75,3336,96,2019,0,46.25,36.56,32.39,36.24,33.79,35.75,
99,BA Stokes,8,caught,5,Australia,34.47,3344,97,2019,1,47.25,35.72,32.68,36.45,32.5,35.84,34.47
100,BA Stokes,135,not out,5,Australia,35.87,3479,97,2019,0,68.43,44.0,36.44,40.59,35.94,38.36,36.23
101,BA Stokes,26,caught,6,Australia,35.77,3505,98,2019,1,70.14,44.88,36.48,38.27,35.87,38.56,36.21
102,BA Stokes,1,caught,5,Australia,35.41,3506,99,2019,1,68.71,42.76,36.07,37.46,35.79,38.58,36.03
103,BA Stokes,20,caught,4,Australia,35.26,3526,100,2019,1,60.29,43.53,35.41,36.43,35.55,38.7,34.99
104,BA Stokes,67,bowled,4,Australia,35.57,3593,101,2019,1,55.12,43.82,37.56,37.62,36.6,39.39,35.54
105,BA Stokes,91,caught,5,New Zealand,36.12,3684,102,2019,1,60.25,48.06,40.15,39.81,38.4,40.7,36.29
106,BA Stokes,28,bowled,6,New Zealand,36.04,3712,103,2019,1,63.0,49.71,40.96,37.86,38.51,37.21,36.09
107,BA Stokes,26,caught,5,New Zealand,35.94,3738,104,2019,1,64.62,47.88,41.56,37.0,37.87,37.21,36.03
108,BA Stokes,35,caught,5,South Africa,35.93,3773,105,2019,1,48.56,47.47,40.56,36.32,38.6,36.86,36.4
109,BA Stokes,14,bowled,5,South Africa,35.73,3787,106,2019,1,49.22,48.29,40.22,36.7,38.89,36.58,36.54
110,BA Stokes,47,caught,5,South Africa,35.83,3834,107,2020,1,35.5,49.06,40.85,36.19,39.51,37.14,37.03
111,BA Stokes,72,caught,6,South Africa,36.17,3906,108,2020,1,40.1,52.47,43.11,37.46,38.66,38.05,36.96
112,BA Stokes,120,caught,5,South Africa,36.94,4026,109,2020,1,52.0,58.88,46.19,40.38,40.55,39.35,37.84
113,BA Stokes,2,caught,5,South Africa,36.62,4028,110,2020,1,50.2,54.35,46.0,39.41,39.36,39.11,37.78
114,BA Stokes,28,caught,5,South Africa,36.54,4056,111,2020,1,46.3,50.22,44.74,39.92,39.47,38.24,37.84
115,BA Stokes,43,caught,5,West Indies,36.6,4099,112,2020,1,41.5,49.83,45.63,40.51,40.17,38.89,37.96
116,BA Stokes,46,caught,5,West Indies,36.68,4145,113,2020,1,43.3,52.06,47.33,41.59,39.02,39.21,37.48
117,BA Stokes,176,caught,5,West Indies,37.9,4321,114,2020,1,58.3,61.11,51.74,46.08,41.53,39.94,38.26
118,BA Stokes,78,not out,1,West Indies,38.59,4399,114,2020,0,69.56,59.06,55.12,47.81,42.83,40.68,39.42
119,BA Stokes,20,bowled,4,West Indies,38.43,4419,115,2020,1,70.22,59.72,55.88,47.72,43.26,39.92,39.33
120,BA Stokes,0,bowled,4,Pakistan,38.09,4419,116,2020,1,65.0,49.47,54.58,46.89,41.83,39.83,38.78
121,BA Stokes,9,caught,4,Pakistan,37.85,4428,117,2020,1,58.0,48.58,54.38,46.83,41.48,39.53,38.43
122,BA Stokes,82,caught,5,India,38.22,4510,118,2021,1,53.78,52.84,57.12,48.08,43.0,40.7,38.38
