,Name,Runs,Dismissal,Pos,Opposition,Ave,RunTally,DisTally,Date,Out,rolling10,rolling20,rolling30,rolling40,rolling50,rolling70,rolling100
0,Mushfiqur Rahim,19,bowled,6,England,19.0,19,1,2005,1,,,,,,,
1,Mushfiqur Rahim,3,caught,6,England,11.0,22,2,2005,1,,,,,,,
2,Mushfiqur Rahim,2,lbw,6,Sri Lanka,8.0,24,3,2006,1,,,,,,,
3,Mushfiqur Rahim,0,caught,6,Sri Lanka,6.0,24,4,2006,1,,,,,,,
4,Mushfiqur Rahim,9,caught,7,Sri Lanka,6.6,33,5,2007,1,,,,,,,
5,Mushfiqur Rahim,80,caught,7,Sri Lanka,18.83,113,6,2007,1,,,,,,,
6,Mushfiqur Rahim,11,not out,7,Sri Lanka,20.67,124,6,2007,0,,,,,,,
7,Mushfiqur Rahim,1,caught,5,Sri Lanka,17.86,125,7,2007,1,,,,,,,
8,Mushfiqur Rahim,7,caught,7,New Zealand,16.5,132,8,2008,1,,,,,,,
9,Mushfiqur Rahim,6,lbw,7,New Zealand,15.33,138,9,2008,1,15.33,,,,,,
10,Mushfiqur Rahim,8,lbw,7,New Zealand,14.6,146,10,2008,1,14.11,,,,,,
11,Mushfiqur Rahim,0,caught,6,New Zealand,13.27,146,11,2008,1,13.78,,,,,,
12,Mushfiqur Rahim,7,bowled,8,South Africa,12.75,153,12,2008,1,14.33,,,,,,
13,Mushfiqur Rahim,2,caught,8,South Africa,11.92,155,13,2008,1,14.56,,,,,,
14,Mushfiqur Rahim,15,caught,8,South Africa,12.14,170,14,2008,1,15.22,,,,,,
15,Mushfiqur Rahim,4,caught,6,South Africa,11.6,174,15,2008,1,6.78,,,,,,
16,Mushfiqur Rahim,79,caught,6,New Zealand,15.81,253,16,2008,1,12.9,,,,,,
17,Mushfiqur Rahim,32,bowled,6,New Zealand,16.76,285,17,2008,1,16.0,,,,,,
18,Mushfiqur Rahim,7,caught,6,New Zealand,16.22,292,18,2008,1,16.0,,,,,,
19,Mushfiqur Rahim,48,lbw,7,South Africa,17.89,340,19,2008,1,20.2,17.89,,,,,
20,Mushfiqur Rahim,0,run out,7,South Africa,17.0,340,20,2008,1,19.4,16.89,,,,,
21,Mushfiqur Rahim,65,caught,8,South Africa,19.29,405,21,2008,1,25.9,20.16,,,,,
22,Mushfiqur Rahim,4,bowled,8,South Africa,18.59,409,22,2008,1,25.6,20.26,,,,,
23,Mushfiqur Rahim,12,not out,8,Sri Lanka,19.14,421,22,2008,0,29.56,22.06,,,,,
24,Mushfiqur Rahim,61,caught,8,Sri Lanka,20.96,482,23,2008,1,34.67,24.94,,,,,
25,Mushfiqur Rahim,21,stumped,8,Sri Lanka,20.96,503,24,2009,1,36.56,21.67,,,,,
26,Mushfiqur Rahim,43,run out,6,Sri Lanka,21.84,546,25,2009,1,32.56,22.21,,,,,
27,Mushfiqur Rahim,36,run out,7,West Indies,22.38,582,26,2009,1,33.0,24.05,,,,,
28,Mushfiqur Rahim,37,bowled,7,West Indies,22.93,619,27,2009,1,36.33,25.63,,,,,
29,Mushfiqur Rahim,48,caught,8,West Indies,23.82,667,28,2009,1,36.33,27.84,23.82,,,,
30,Mushfiqur Rahim,12,caught,7,West Indies,23.41,679,29,2009,1,37.67,28.05,23.57,,,,
31,Mushfiqur Rahim,44,caught,7,India,24.1,723,30,2010,1,35.33,30.37,25.04,,,,
32,Mushfiqur Rahim,101,caught,7,India,26.58,824,31,2010,1,46.11,35.32,28.57,,,,
33,Mushfiqur Rahim,30,lbw,7,India,26.69,854,32,2010,1,43.3,36.79,29.64,,,,
34,Mushfiqur Rahim,10,not out,8,India,27.0,864,32,2010,0,42.44,38.56,30.78,,,,
35,Mushfiqur Rahim,7,caught,7,New Zealand,26.39,871,33,2010,1,40.89,38.72,28.07,,,,
36,Mushfiqur Rahim,22,caught,7,New Zealand,26.26,893,34,2010,1,38.56,35.56,27.46,,,,
37,Mushfiqur Rahim,79,caught,8,England,27.77,972,35,2010,1,43.33,38.17,30.25,,,,
38,Mushfiqur Rahim,95,bowled,7,England,29.64,1067,36,2010,1,49.78,43.06,33.39,,,,
39,Mushfiqur Rahim,30,caught,7,England,29.65,1097,37,2010,1,47.78,42.06,34.25,29.65,,,
40,Mushfiqur Rahim,3,bowled,7,England,28.95,1100,38,2010,1,46.78,42.22,34.07,29.22,,,
41,Mushfiqur Rahim,16,bowled,7,England,28.62,1116,39,2010,1,43.67,39.5,34.64,29.57,,,
42,Mushfiqur Rahim,0,caught,8,England,27.9,1116,40,2010,1,32.44,39.28,34.39,29.51,,,
43,Mushfiqur Rahim,11,caught,7,England,27.49,1127,41,2010,1,30.33,37.16,34.71,29.81,,,
44,Mushfiqur Rahim,13,caught,7,England,27.14,1140,42,2010,1,27.6,34.63,34.64,29.92,,,
45,Mushfiqur Rahim,27,caught,7,Zimbabwe,27.14,1167,43,2011,1,29.6,34.95,35.46,28.49,,,
46,Mushfiqur Rahim,28,caught,5,Zimbabwe,27.16,1195,44,2011,1,30.2,34.16,33.64,28.18,,,
47,Mushfiqur Rahim,68,caught,5,West Indies,28.07,1263,45,2011,1,29.1,35.84,34.93,29.95,,,
48,Mushfiqur Rahim,2,not out,5,West Indies,28.11,1265,45,2011,0,22.0,35.89,36.04,30.62,,,
49,Mushfiqur Rahim,0,caught,5,West Indies,27.5,1265,46,2011,1,18.67,33.22,34.26,30.46,27.5,,
50,Mushfiqur Rahim,69,bowled,5,West Indies,28.38,1334,47,2011,1,26.0,36.39,36.81,32.11,28.59,,
51,Mushfiqur Rahim,4,lbw,5,Pakistan,27.88,1338,48,2011,1,24.67,34.17,34.56,32.22,28.61,,
52,Mushfiqur Rahim,49,lbw,7,Pakistan,28.31,1387,49,2011,1,30.11,31.28,36.22,33.35,29.63,,
53,Mushfiqur Rahim,40,caught,7,Pakistan,28.54,1427,50,2011,1,33.33,31.83,35.93,34.38,30.5,,
54,Mushfiqur Rahim,53,caught,7,Pakistan,29.02,1480,51,2011,1,37.78,32.42,35.64,35.41,31.46,,
55,Mushfiqur Rahim,43,caught,6,West Indies,29.29,1523,52,2012,1,39.56,34.32,36.43,36.46,30.65,,
56,Mushfiqur Rahim,16,lbw,6,West Indies,29.04,1539,53,2012,1,38.22,34.0,35.46,34.76,30.11,,
57,Mushfiqur Rahim,38,caught,6,West Indies,29.2,1577,54,2012,1,34.89,31.84,35.54,34.92,30.89,,
58,Mushfiqur Rahim,10,bowled,6,West Indies,28.85,1587,55,2012,1,32.2,27.37,34.57,35.0,30.96,,
59,Mushfiqur Rahim,200,lbw,6,Sri Lanka,31.91,1787,56,2013,1,52.2,36.32,40.0,39.11,35.09,,
60,Mushfiqur Rahim,7,bowled,6,Sri Lanka,31.47,1794,57,2013,1,46.0,36.53,39.82,39.3,35.06,,
61,Mushfiqur Rahim,40,caught,6,Sri Lanka,31.62,1834,58,2013,1,49.6,37.79,39.68,38.62,35.91,,
62,Mushfiqur Rahim,3,lbw,6,Zimbabwe,31.14,1837,59,2013,1,45.0,37.95,36.18,38.59,35.83,,
63,Mushfiqur Rahim,3,caught,6,Zimbabwe,30.67,1840,60,2013,1,41.3,37.53,35.21,37.34,35.85,,
64,Mushfiqur Rahim,60,lbw,6,Zimbabwe,31.15,1900,61,2013,1,42.0,40.0,35.72,37.32,36.81,,
65,Mushfiqur Rahim,93,caught,6,Zimbabwe,32.15,1993,62,2013,1,47.0,43.47,38.69,39.21,38.7,,
66,Mushfiqur Rahim,67,caught,6,New Zealand,32.7,2060,63,2013,1,52.1,45.53,40.24,39.84,38.45,,
67,Mushfiqur Rahim,18,caught,6,New Zealand,32.47,2078,64,2013,1,50.1,42.89,38.14,39.37,38.15,,
68,Mushfiqur Rahim,61,lbw,6,Sri Lanka,32.91,2139,65,2014,1,55.2,43.7,36.97,40.0,39.3,,
69,Mushfiqur Rahim,14,bowled,6,Sri Lanka,32.62,2153,66,2014,1,36.6,44.4,36.41,39.11,38.57,32.62,
70,Mushfiqur Rahim,20,caught,6,Sri Lanka,32.43,2173,67,2014,1,37.9,41.95,37.0,39.32,39.0,32.64,
71,Mushfiqur Rahim,48,not out,6,West Indies,33.15,2221,67,2014,0,43.0,46.47,39.46,40.49,39.48,33.83,
72,Mushfiqur Rahim,116,caught,6,West Indies,34.37,2337,68,2014,1,55.56,50.0,43.61,40.89,41.91,35.58,
73,Mushfiqur Rahim,4,bowled,5,West Indies,33.93,2341,69,2014,1,55.67,48.11,43.36,40.19,40.85,35.65,
74,Mushfiqur Rahim,11,bowled,6,West Indies,33.6,2352,70,2014,1,50.22,45.89,43.29,39.16,39.79,35.68,
75,Mushfiqur Rahim,64,caught,6,Zimbabwe,34.03,2416,71,2014,1,47.0,47.0,44.61,40.66,40.7,35.43,
76,Mushfiqur Rahim,23,not out,6,Zimbabwe,34.35,2439,71,2014,0,47.38,50.0,46.07,41.78,41.15,35.62,
77,Mushfiqur Rahim,11,run out,6,Zimbabwe,34.03,2450,72,2014,1,46.5,48.5,43.96,39.95,40.61,35.77,
78,Mushfiqur Rahim,0,caught,6,Zimbabwe,33.56,2450,73,2014,1,38.88,47.94,42.32,37.38,39.8,35.66,
79,Mushfiqur Rahim,15,bowled,6,Zimbabwe,33.31,2465,74,2014,1,39.0,37.67,42.86,36.97,39.09,35.8,
80,Mushfiqur Rahim,46,caught,6,Zimbabwe,33.48,2511,75,2014,1,42.25,39.83,42.04,38.14,39.83,36.38,
81,Mushfiqur Rahim,32,caught,6,Pakistan,33.46,2543,76,2015,1,35.78,39.39,43.04,38.57,39.57,36.88,
82,Mushfiqur Rahim,0,lbw,6,Pakistan,33.03,2543,77,2015,1,22.89,39.22,41.29,38.57,37.37,36.77,
83,Mushfiqur Rahim,12,bowled,6,Pakistan,32.76,2555,78,2015,1,23.78,39.72,40.29,38.59,36.98,36.92,
84,Mushfiqur Rahim,0,bowled,6,Pakistan,32.34,2555,79,2015,1,22.56,36.39,38.39,38.24,35.98,36.69,
85,Mushfiqur Rahim,2,caught,4,India,31.96,2557,80,2015,1,15.67,31.33,36.93,37.57,35.87,36.66,
86,Mushfiqur Rahim,28,lbw,5,South Africa,31.91,2585,81,2015,1,14.6,29.17,37.36,37.57,36.0,35.88,
87,Mushfiqur Rahim,65,caught,5,South Africa,32.32,2650,82,2015,1,20.0,31.78,38.32,37.49,35.7,36.38,
88,Mushfiqur Rahim,48,caught,5,England,32.51,2698,83,2016,1,24.8,31.06,39.68,37.71,34.7,37.02,
89,Mushfiqur Rahim,39,caught,6,England,32.58,2737,84,2016,1,27.2,32.44,33.93,38.74,34.89,36.88,
90,Mushfiqur Rahim,4,caught,6,England,32.25,2741,85,2016,1,23.0,31.56,33.82,37.03,34.91,36.94,
91,Mushfiqur Rahim,9,caught,6,England,31.98,2750,86,2016,1,20.7,27.84,32.71,37.16,34.77,36.08,
92,Mushfiqur Rahim,159,caught,6,New Zealand,33.44,2909,87,2017,1,36.6,30.11,38.29,40.05,38.15,38.46,
93,Mushfiqur Rahim,13,not out,8,New Zealand,33.59,2922,87,2017,0,40.78,32.28,40.07,40.41,39.02,38.48,
94,Mushfiqur Rahim,127,caught,6,India,34.65,3049,88,2017,1,54.89,38.72,42.56,42.41,41.5,39.49,
95,Mushfiqur Rahim,23,caught,6,India,34.52,3072,89,2017,1,57.22,36.44,39.96,41.86,41.41,39.52,
96,Mushfiqur Rahim,85,bowled,4,Sri Lanka,35.08,3157,90,2017,1,63.56,37.79,40.63,43.73,42.65,40.17,
97,Mushfiqur Rahim,34,caught,4,Sri Lanka,35.07,3191,91,2017,1,60.11,39.0,41.22,43.62,41.91,40.14,
98,Mushfiqur Rahim,52,bowled,7,Sri Lanka,35.25,3243,92,2017,1,60.56,41.74,40.89,44.76,42.09,40.37,
99,Mushfiqur Rahim,22,not out,6,Sri Lanka,35.49,3265,92,2017,0,66.0,44.44,42.77,41.06,43.48,40.59,35.49
100,Mushfiqur Rahim,18,lbw,6,Australia,35.3,3283,93,2017,1,67.75,42.89,42.69,41.36,42.37,40.69,35.48
101,Mushfiqur Rahim,41,run out,5,Australia,35.36,3324,94,2017,1,71.75,43.39,40.85,41.39,43.17,40.64,35.89
102,Mushfiqur Rahim,68,bowled,6,Australia,35.71,3392,95,2017,1,60.38,47.17,39.07,43.19,43.59,40.12,36.61
103,Mushfiqur Rahim,31,caught,6,Australia,35.66,3423,96,2017,1,55.67,48.22,40.07,43.97,43.39,40.14,36.95
104,Mushfiqur Rahim,44,caught,4,South Africa,35.74,3467,97,2017,1,46.44,50.67,41.3,43.53,43.2,40.05,37.33
105,Mushfiqur Rahim,16,caught,4,South Africa,35.54,3483,98,2017,1,45.67,51.44,39.52,41.39,42.61,40.18,36.63
106,Mushfiqur Rahim,7,caught,4,South Africa,35.25,3490,99,2017,1,37.0,50.28,37.54,39.72,42.41,39.95,36.19
107,Mushfiqur Rahim,26,lbw,4,South Africa,35.16,3516,100,2017,1,36.11,48.11,38.07,39.94,42.15,39.14,36.46
108,Mushfiqur Rahim,92,caught,4,Sri Lanka,35.72,3608,101,2018,1,40.56,50.56,41.36,40.81,43.93,39.09,37.38
109,Mushfiqur Rahim,2,caught,4,Sri Lanka,35.39,3610,102,2018,1,34.5,48.5,40.89,40.47,39.63,38.66,37.33
110,Mushfiqur Rahim,1,bowled,4,Sri Lanka,35.06,3611,103,2018,1,32.8,48.33,39.29,39.94,39.5,38.63,37.26
111,Mushfiqur Rahim,25,stumped,4,Sri Lanka,34.96,3636,104,2018,1,31.2,49.22,39.04,38.24,39.17,38.77,37.53
112,Mushfiqur Rahim,0,lbw,4,West Indies,34.63,3636,105,2018,1,24.4,40.39,39.04,35.11,39.11,38.77,37.45
113,Mushfiqur Rahim,8,bowled,4,West Indies,34.38,3644,106,2018,1,22.1,38.0,38.89,35.22,39.22,38.72,37.52
114,Mushfiqur Rahim,24,caught,6,West Indies,34.28,3668,107,2018,1,20.1,32.58,39.75,35.57,38.43,38.89,37.61
115,Mushfiqur Rahim,31,bowled,6,West Indies,34.25,3699,108,2018,1,21.6,33.0,40.79,34.68,37.09,38.95,37.9
116,Mushfiqur Rahim,31,caught,6,Zimbabwe,34.22,3730,109,2018,1,24.0,30.16,40.89,33.97,36.3,39.0,37.39
117,Mushfiqur Rahim,13,caught,6,Zimbabwe,34.03,3743,110,2018,1,22.7,29.05,39.04,34.03,36.2,38.15,37.18
118,Mushfiqur Rahim,219,not out,5,Zimbabwe,36.02,3962,110,2018,0,39.33,39.94,46.81,40.86,40.51,41.49,39.89
119,Mushfiqur Rahim,7,caught,5,Zimbabwe,35.76,3969,111,2018,1,39.89,37.05,45.63,40.65,40.36,41.6,39.45
120,Mushfiqur Rahim,4,lbw,6,West Indies,35.47,3973,112,2018,1,40.22,36.32,45.63,39.51,40.0,40.6,39.49
121,Mushfiqur Rahim,19,bowled,6,West Indies,35.33,3992,113,2018,1,39.56,35.16,46.0,39.16,38.5,40.83,38.99
122,Mushfiqur Rahim,14,bowled,6,West Indies,35.14,4006,114,2018,1,41.11,32.32,40.63,39.54,36.28,40.29,39.1
123,Mushfiqur Rahim,0,caught,6,Afghanistan,34.83,4006,115,2019,1,40.22,30.68,38.71,39.22,36.2,39.68,38.55
124,Mushfiqur Rahim,23,lbw,4,Afghanistan,34.73,4029,116,2019,1,40.11,29.58,35.0,39.84,36.46,39.22,38.14
125,Mushfiqur Rahim,43,bowled,5,India,34.8,4072,117,2019,1,41.44,31.0,35.71,40.95,36.0,39.22,38.38
126,Mushfiqur Rahim,64,caught,5,India,35.05,4136,118,2019,1,45.11,34.0,34.96,41.92,36.11,39.95,38.6
127,Mushfiqur Rahim,0,bowled,5,India,34.76,4136,119,2019,1,43.67,32.63,33.75,40.16,35.87,39.37,38.22
128,Mushfiqur Rahim,74,caught,5,India,35.08,4210,120,2019,1,24.8,31.68,34.54,40.86,37.45,40.35,38.61
129,Mushfiqur Rahim,203,not out,5,Zimbabwe,36.78,4413,120,2020,0,49.33,44.61,41.0,46.56,42.35,41.03,40.72
130,Mushfiqur Rahim,38,caught,5,West Indies,36.79,4451,121,2021,1,53.11,46.67,41.71,47.5,42.17,41.52,41.0
131,Mushfiqur Rahim,18,lbw,5,West Indies,36.63,4469,122,2021,1,53.0,46.28,40.89,47.75,41.87,41.17,40.72
132,Mushfiqur Rahim,54,caught,5,West Indies,36.77,4523,123,2021,1,57.44,49.28,40.39,44.83,43.04,41.97,40.21
133,Mushfiqur Rahim,14,caught,5,West Indies,36.59,4537,124,2021,1,59.0,49.61,39.79,43.65,43.09,42.14,40.03
